 5.790019         12         30          1         45
 5.952494         11         30          1         45
 5.315949         12         30          1         45
 5.595926         12         30          1         45
 6.068915         12         30          1         37
 5.793871         11         30          1         45
 6.389161         11         30          1         36
 6.047781         12         30          1         51
 5.354861         11         30          1         45
 5.259597          7         30          1         45
 5.239404         10         30          1         45
 5.874553         12         30          1         45
 6.001272         14         30          1         45
 5.508173         12         30          1         45
 5.866414         16         30          1         13
 5.729413         12         30          1          1
